Optimisser finds, for 3 resistors
---------------------------------

resistors
1.0000, 1.4656, 2.1479, 

give resistance values
0.4656, 1.0000, 2.1479, 4.6135, 

total ratio    9.90927992268
max_ratio      2.147912
goodness       0.216757626867

detail ratios
2.1479, 2.1479, 2.1479, 



5 resistors, found by optimiser, starting at all 1s
---------------------------------------------------

resistors
1.0000, 0.5571, 0.6701, 1.1614, 1.4923, 

give resistance values
0.1719, 0.2332, 0.2886, 0.3230, 0.3307, 0.3951, 0.4788, 0.5050, 0.6701, 1.0000, 1.4923, 2.2271, 3.3238, 4.8809, 

total ratio    28.3997812224
max_ratio      1.492411
goodness       0.0525500879149

detail ratios
1.3571, 1.2373, 1.1193, 1.0239, 1.1945, 1.2118, 1.0549, 1.3268, 1.4924, 1.4923, 1.4924, 1.4924, 1.4685, 



7 resistors, optimiser stasrting at all 1s, gave 
------------------------------------------------

resistors
1.0000, 0.4221, 1.2039, 2.2419, 0.2956, 0.2000, 1.2483, 

give resistance values
0.0723, 0.0797, 0.0941, 0.0956, 0.0958, 0.0999, 0.1000, 0.1060, 0.1089, 0.1245, 0.1470, 0.1481, 0.1508, 0.1618, 0.1648, 0.1668, 0.1836, 0.1864, 0.1916, 0.2071, 0.2146, 0.2154, 0.2375, 0.2381, 0.2398, 0.2537, 0.2750, 0.2808, 0.2956, 0.4450, 0.4616, 0.4813, 0.4855, 0.4926, 0.4952, 0.5008, 0.5405, 0.5459, 0.6143, 0.6463, 0.7141, 1.0000, 1.2039, 1.2483, 1.7439, 2.6260, 3.7414, 5.1635, 5.1897, 6.6118, 

total ratio    91.4396885545
max_ratio      1.505835
goodness       0.0164680679014

detail ratios
1.1017, 1.1809, 1.0162, 1.0017, 1.0431, 1.0011, 1.0597, 1.0275, 1.1439, 1.1806, 1.0072, 1.0182, 1.0728, 1.0187, 1.0123, 1.1006, 1.0150, 1.0281, 1.0807, 1.0364, 1.0039, 1.1025, 1.0025, 1.0071, 1.0577, 1.0842, 1.0209, 1.0527, 1.5056, 1.0373, 1.0427, 1.0088, 1.0145, 1.0053, 1.0113, 1.0794, 1.0099, 1.1253, 1.0522, 1.1049, 1.4003, 1.2039, 1.0369, 1.3970, 1.5058, 1.4247, 1.3801, 1.0051, 1.2740,



9 resistors, starting from all 1s, (min value 0.2)
--------------------------------------------------

resistors
1.0000, 0.2000, 2.7451, 0.9211, 1.4279, 1.1899, 0.7276, 0.9891, 0.2009, 
resistance range  13.7

give 181 resistance values
0.0612, 0.0671, 0.0675, 0.0686, 0.0694, 0.0707, 0.0714, 0.0716, 0.0728, 0.0742, 0.0748, 0.0788, 0.0799, 0.0805, 0.0810, 0.0814, 0.0821, 0.0821, 0.0824, 0.0832, 0.0832, 0.0856, 0.0860, 0.0867, 0.0868, 0.0910, 0.0911, 0.0965, 0.0966, 0.0976, 0.0984, 0.1051, 0.1058, 0.1087, 0.1122, 0.1123, 0.1133, 0.1135, 0.1140, 0.1149, 0.1157, 0.1160, 0.1162, 0.1166, 0.1167, 0.1174, 0.1183, 0.1189, 0.1191, 0.1194, 0.1196, 0.1227, 0.1229, 0.1233, 0.1240, 0.1246, 0.1247, 0.1249, 0.1254, 0.1255, 0.1258, 0.1266, 0.1273, 0.1286, 0.1291, 0.1292, 0.1294, 0.1304, 0.1311, 0.1323, 0.1325, 0.1338, 0.1356, 0.1358, 0.1359, 0.1374, 0.1395, 0.1416, 0.1431, 0.1467, 0.1492, 0.1495, 0.1533, 0.1534, 0.1556, 0.1571, 0.1574, 0.1582, 0.1583, 0.1588, 0.1591, 0.1598, 0.1602, 0.1604, 0.1608, 0.1614, 0.1617, 0.1618, 0.1621, 0.1627, 0.1628, 0.1631, 0.1631, 0.1633, 0.1637, 0.1640, 0.1647, 0.1661, 0.1663, 0.1673, 0.1759, 0.1778, 0.1794, 0.1808, 0.1812, 0.1814, 0.1825, 0.1845, 0.2000, 0.2009, 0.2291, 0.2351, 0.2396, 0.2411, 0.2847, 0.2890, 0.2940, 0.3011, 0.3111, 0.3430, 0.3541, 0.3589, 0.3685, 0.3764, 0.3798, 0.3836, 0.3877, 0.3955, 0.4051, 0.4147, 0.4194, 0.4213, 0.4234, 0.4336, 0.4651, 0.4849, 0.4903, 0.4947, 0.5073, 0.5105, 0.5234, 0.5375, 0.5543, 0.5618, 0.5718, 0.5793, 0.5968, 0.5987, 0.6105, 0.6191, 0.6412, 0.6418, 0.6420, 0.6576, 0.6761, 0.7276, 0.8559, 0.9456, 1.0000, 1.4279, 1.9176, 2.7451, 3.3453, 3.9451, 4.5354, 5.0941, 6.2941, 7.0116, 8.2016, 8.2116, 9.4016, 

total ratio    153.74627964
max_ratio      1.431526
goodness       0.00931096351307

detail ratios
1.0973, 1.0061, 1.0168, 1.0117, 1.0185, 1.0092, 1.0030, 1.0168, 1.0197, 1.0082, 1.0531, 1.0136, 1.0073, 1.0060, 1.0053, 1.0084, 1.0002, 1.0042, 1.0091, 1.0006, 1.0281, 1.0053, 1.0080, 1.0012, 1.0481, 1.0011, 1.0590, 1.0011, 1.0108, 1.0079, 1.0683, 1.0068, 1.0266, 1.0323, 1.0013, 1.0090, 1.0013, 1.0044, 1.0083, 1.0065, 1.0028, 1.0021, 1.0028, 1.0014, 1.0059, 1.0071, 1.0054, 1.0014, 1.0032, 1.0013, 1.0260, 1.0015, 1.0039, 1.0056, 1.0043, 1.0008, 1.0015, 1.0048, 1.0004, 1.0026, 1.0061, 1.0053, 1.0103, 1.0036, 1.0015, 1.0014, 1.0073, 1.0058, 1.0090, 1.0016, 1.0099, 1.0132, 1.0016, 1.0003, 1.0110, 1.0156, 1.0149, 1.0107, 1.0250, 1.0175, 1.0018, 1.0256, 1.0005, 1.0141, 1.0099, 1.0019, 1.0049, 1.0008, 1.0028, 1.0019, 1.0044, 1.0029, 1.0009, 1.0025, 1.0039, 1.0019, 1.0004, 1.0023, 1.0033, 1.0007, 1.0018, 1.0001, 1.0015, 1.0020, 1.0018, 1.0046, 1.0082, 1.0013, 1.0063, 1.0512, 1.0109, 1.0089, 1.0078, 1.0026, 1.0008, 1.0060, 1.0109, 1.0840, 1.0048, 1.1402, 1.0260, 1.0193, 1.0063, 1.1810, 1.0151, 1.0173, 1.0242, 1.0330, 1.1028, 1.0322, 1.0138, 1.0267, 1.0213, 1.0091, 1.0100, 1.0108, 1.0200, 1.0244, 1.0237, 1.0112, 1.0046, 1.0050, 1.0242, 1.0725, 1.0427, 1.0112, 1.0090, 1.0253, 1.0063, 1.0254, 1.0268, 1.0313, 1.0134, 1.0179, 1.0131, 1.0301, 1.0032, 1.0198, 1.0140, 1.0358, 1.0009, 1.0004, 1.0242, 1.0281, 1.0762, 1.1764, 1.1048, 1.0575, 1.4279, 1.3430, 1.4315, 1.2187, 1.1793, 1.1496, 1.1232, 1.2356, 1.1140, 1.1697, 1.0012, 1.1449, 

9 resistors, starting all 1s, but dropping min value to 0.1
-----------------------------------------------------------

resistors
1.0000, 0.9330, 3.0124, 0.1426, 1.4959, 2.0437, 0.6104, 1.2630, 0.1089, 
resistance range  27.6

give 180 resistance values
0.0451, 0.0476, 0.0481, 0.0497, 0.0499, 0.0500, 0.0506, 0.0509, 0.0510, 0.0512, 0.0528, 0.0531, 0.0536, 0.0538, 0.0545, 0.0549, 0.0552, 0.0556, 0.0560, 0.0566, 0.0570, 0.0570, 0.0573, 0.0574, 0.0577, 0.0582, 0.0605, 0.0610, 0.0674, 0.0690, 0.0695, 0.0700, 0.0714, 0.0731, 0.0763, 0.0776, 0.0778, 0.0783, 0.0785, 0.0787, 0.0804, 0.0806, 0.0808, 0.0812, 0.0813, 0.0814, 0.0816, 0.0816, 0.0819, 0.0821, 0.0821, 0.0828, 0.0828, 0.0836, 0.0841, 0.0844, 0.0845, 0.0850, 0.0853, 0.0861, 0.0863, 0.0873, 0.0881, 0.0889, 0.0903, 0.0905, 0.0911, 0.0925, 0.0937, 0.0940, 0.0957, 0.0958, 0.0959, 0.0965, 0.0967, 0.0970, 0.0971, 0.0972, 0.0979, 0.0982, 0.0983, 0.0986, 0.0988, 0.0989, 0.0990, 0.0992, 0.0992, 0.0999, 0.1000, 0.1008, 0.1012, 0.1013, 0.1018, 0.1022, 0.1024, 0.1032, 0.1034, 0.1035, 0.1036, 0.1036, 0.1036, 0.1038, 0.1042, 0.1043, 0.1046, 0.1089, 0.1110, 0.1113, 0.1126, 0.1129, 0.1152, 0.1174, 0.1211, 0.1220, 0.1248, 0.1268, 0.1274, 0.1295, 0.1318, 0.1329, 0.1341, 0.1352, 0.2054, 0.2207, 0.2265, 0.2318, 0.2475, 0.2678, 0.2695, 0.2943, 0.3048, 0.3145, 0.3197, 0.3437, 0.3440, 0.3469, 0.3576, 0.3611, 0.3649, 0.3882, 0.4066, 0.4160, 0.4269, 0.4292, 0.4324, 0.4373, 0.4387, 0.4439, 0.4461, 0.4528, 0.4572, 0.4735, 0.5016, 0.5227, 0.5631, 0.5717, 0.6016, 0.6104, 0.6114, 0.6731, 0.7014, 0.7543, 0.8273, 0.8361, 0.8729, 0.9025, 1.0000, 1.0222, 1.4959, 1.9823, 3.0124, 4.1500, 4.6508, 4.9454, 5.5219, 6.5838, 7.3049, 8.6769, 9.2379, 10.6098, 

total ratio    235.376918981
max_ratio      1.519627
goodness       0.00645614279674

detail ratios
1.0551, 1.0118, 1.0332, 1.0028, 1.0037, 1.0116, 1.0064, 1.0003, 1.0053, 1.0298, 1.0069, 1.0092, 1.0030, 1.0134, 1.0069, 1.0060, 1.0073, 1.0073, 1.0098, 1.0071, 1.0003, 1.0060, 1.0012, 1.0063, 1.0073, 1.0404, 1.0079, 1.1048, 1.0232, 1.0081, 1.0070, 1.0195, 1.0242, 1.0445, 1.0169, 1.0021, 1.0068, 1.0021, 1.0023, 1.0226, 1.0018, 1.0028, 1.0050, 1.0010, 1.0014, 1.0021, 1.0006, 1.0031, 1.0027, 1.0004, 1.0076, 1.0009, 1.0098, 1.0060, 1.0025, 1.0014, 1.0064, 1.0036, 1.0097, 1.0024, 1.0109, 1.0096, 1.0086, 1.0155, 1.0022, 1.0077, 1.0150, 1.0132, 1.0027, 1.0180, 1.0016, 1.0010, 1.0062, 1.0021, 1.0026, 1.0007, 1.0018, 1.0071, 1.0026, 1.0013, 1.0032, 1.0018, 1.0015, 1.0005, 1.0018, 1.0006, 1.0068, 1.0011, 1.0080, 1.0038, 1.0013, 1.0051, 1.0038, 1.0017, 1.0078, 1.0017, 1.0018, 1.0005, 1.0002, 1.0002, 1.0013, 1.0041, 1.0012, 1.0026, 1.0416, 1.0191, 1.0027, 1.0119, 1.0027, 1.0198, 1.0193, 1.0319, 1.0073, 1.0225, 1.0165, 1.0044, 1.0168, 1.0176, 1.0079, 1.0094, 1.0081, 1.5195, 1.0743, 1.0265, 1.0234, 1.0675, 1.0821, 1.0065, 1.0920, 1.0356, 1.0317, 1.0167, 1.0748, 1.0010, 1.0083, 1.0310, 1.0096, 1.0106, 1.0637, 1.0474, 1.0232, 1.0261, 1.0055, 1.0074, 1.0113, 1.0032, 1.0118, 1.0049, 1.0150, 1.0099, 1.0355, 1.0593, 1.0422, 1.0772, 1.0154, 1.0522, 1.0146, 1.0017, 1.1010, 1.0420, 1.0754, 1.0967, 1.0107, 1.0439, 1.0340, 1.1080, 1.0222, 1.4633, 1.3252, 1.5196, 1.3776, 1.1207, 1.0633, 1.1166, 1.1923, 1.1095, 1.1878, 1.0647, 1.1485, 


9 resistors, start all 1s, drop min value to 0.01
-------------------------------------------------
same number of values, but much larger range

resistors
1.0000, 1.9887, 1.7973, 1.3986, 1.5610, 0.5465, 0.0223, 0.8430, 0.0693, 
resistance range  89.3

give 180 resistance values
0.0152, 0.0155, 0.0155, 0.0155, 0.0156, 0.0156, 0.0156, 0.0156, 0.0158, 0.0158, 0.0159, 0.0159, 0.0159, 0.0160, 0.0160, 0.0161, 0.0161, 0.0162, 0.0162, 0.0162, 0.0162, 0.0163, 0.0163, 0.0164, 0.0165, 0.0199, 0.0204, 0.0205, 0.0205, 0.0206, 0.0206, 0.0206, 0.0207, 0.0209, 0.0210, 0.0211, 0.0211, 0.0212, 0.0213, 0.0213, 0.0213, 0.0214, 0.0215, 0.0216, 0.0216, 0.0217, 0.0217, 0.0218, 0.0219, 0.0220, 0.0223, 0.0508, 0.0526, 0.0530, 0.0537, 0.0539, 0.0544, 0.0546, 0.0551, 0.0553, 0.0557, 0.0557, 0.0561, 0.0562, 0.0563, 0.0566, 0.0569, 0.0571, 0.0572, 0.0573, 0.0576, 0.0577, 0.0578, 0.0579, 0.0579, 0.0580, 0.0581, 0.0582, 0.0582, 0.0587, 0.0588, 0.0589, 0.0592, 0.0594, 0.0595, 0.0596, 0.0598, 0.0599, 0.0602, 0.0607, 0.0607, 0.0610, 0.0615, 0.0619, 0.0620, 0.0620, 0.0622, 0.0628, 0.0632, 0.0632, 0.0633, 0.0634, 0.0635, 0.0636, 0.0637, 0.0637, 0.0637, 0.0639, 0.0640, 0.0643, 0.0643, 0.0652, 0.0652, 0.0652, 0.0655, 0.0655, 0.0658, 0.0670, 0.0673, 0.0693, 0.1584, 0.1903, 0.1983, 0.2017, 0.2078, 0.2113, 0.2168, 0.2240, 0.2564, 0.2601, 0.2825, 0.2893, 0.2928, 0.2929, 0.3083, 0.3216, 0.3217, 0.3223, 0.3302, 0.3591, 0.3887, 0.4245, 0.4246, 0.4271, 0.4419, 0.4531, 0.4578, 0.4665, 0.4856, 0.4893, 0.5015, 0.5070, 0.5230, 0.5231, 0.5454, 0.5460, 0.5744, 0.5838, 0.5915, 0.6013, 0.6015, 0.6250, 0.6391, 0.6393, 0.6572, 0.7176, 0.7983, 0.9346, 1.0000, 1.5610, 1.7973, 2.1298, 3.0421, 4.7569, 4.7861, 5.3256, 6.2380, 7.7456, 8.3144, 9.2268, 

total ratio    606.864180479
max_ratio      2.284107
goodness       0.00376378615426

detail ratios
1.0164, 1.0033, 1.0013, 1.0023, 1.0012, 1.0019, 1.0023, 1.0089, 1.0009, 1.0048, 1.0013, 1.0007, 1.0048, 1.0013, 1.0039, 1.0034, 1.0035, 1.0002, 1.0012, 1.0009, 1.0035, 1.0014, 1.0057, 1.0082, 1.2066, 1.0216, 1.0044, 1.0017, 1.0030, 1.0016, 1.0025, 1.0031, 1.0118, 1.0011, 1.0064, 1.0018, 1.0009, 1.0065, 1.0000, 1.0017, 1.0052, 1.0046, 1.0047, 1.0003, 1.0017, 1.0012, 1.0047, 1.0018, 1.0076, 1.0110, 2.2838, 1.0338, 1.0091, 1.0131, 1.0033, 1.0082, 1.0046, 1.0081, 1.0043, 1.0067, 1.0001, 1.0083, 1.0013, 1.0023, 1.0048, 1.0049, 1.0034, 1.0020, 1.0025, 1.0053, 1.0016, 1.0013, 1.0014, 1.0002, 1.0011, 1.0032, 1.0004, 1.0010, 1.0076, 1.0024, 1.0022, 1.0042, 1.0029, 1.0021, 1.0025, 1.0034, 1.0009, 1.0052, 1.0089, 1.0001, 1.0049, 1.0081, 1.0052, 1.0017, 1.0004, 1.0033, 1.0096, 1.0067, 1.0001, 1.0013, 1.0016, 1.0021, 1.0006, 1.0014, 1.0009, 1.0004, 1.0023, 1.0023, 1.0036, 1.0009, 1.0130, 1.0004, 1.0001, 1.0050, 1.0003, 1.0034, 1.0195, 1.0038, 1.0303, 2.2841, 1.2015, 1.0421, 1.0170, 1.0306, 1.0166, 1.0261, 1.0333, 1.1448, 1.0144, 1.0858, 1.0244, 1.0121, 1.0001, 1.0526, 1.0430, 1.0004, 1.0018, 1.0245, 1.0876, 1.0825, 1.0922, 1.0002, 1.0059, 1.0347, 1.0253, 1.0103, 1.0192, 1.0409, 1.0076, 1.0250, 1.0109, 1.0316, 1.0003, 1.0426, 1.0011, 1.0520, 1.0163, 1.0133, 1.0165, 1.0004, 1.0389, 1.0227, 1.0003, 1.0279, 1.0919, 1.1124, 1.1708, 1.0699, 1.5610, 1.1514, 1.1850, 1.4284, 1.5637, 1.0061, 1.1127, 1.1713, 1.2417, 1.0734, 1.1097, 


Now we add some random starts
-----------------------------

starting array
6.4837, 1.5934, 8.6632, 5.0510, 4.2808, 8.1389, 5.0463, 4.3198,
with low limit 0.2

resistors
1.0000, 9.8689, 0.3708, 7.4083, 6.4921, 3.7423, 8.5422, 6.8791, 4.3288, 
resistance range  26.6157166071

total ratio    235.767827103
max_ratio      1.315784
goodness       0.00558084627648

--------------------------------------------------

starting array
6.3909, 1.4786, 0.3787, 3.3576, 6.0715, 7.4387, 7.0823, 3.1113, 
with low limit 0.1

resistors
1.0000, 6.8344, 0.3228, 0.2003, 2.3826, 7.0912, 5.7312, 11.9593, 4.6953, 
resistance range  59.7140657644

total ratio    412.980119733
max_ratio      1.4233
goodness       0.00344641287072

---------------------------------------------------------------------

starting array
7.5383, 6.2509, 6.6877, 4.0454, 1.4220, 4.2331, 1.0192, 2.2409, 
with low limit of  0.3

resistors
1.0000, 14.2192, 6.1069, 8.8282, 4.6197, 0.6113, 8.0920, 0.3023, 1.6609, 
resistance range  47.0319333547

total ratio    328.665220096
max_ratio      1.325054
goodness       0.00403162220698

------------------------------------------------------------------
------------------------------------------------------------------

the high numbers result in some nasty big jumps in the middle of otherwise nice regions
if we stick to lower numbers, then we get nicer results, for instance 5 resistors

starting array
1.0000, 1.0000, 1.0000, 1.0000, 
with low limit of  0.3

resistors
1.0000, 0.5571, 0.6701, 1.1614, 1.4923, 
resistance range  2.67881466022

give 14 resistance values
0.1719, 0.2332, 0.2886, 0.3230, 0.3307, 0.3951, 0.4788, 0.5050, 0.6701, 1.0000, 1.4923, 2.2271, 3.3238, 4.8809, 

total ratio    28.3997812224
max_ratio      1.492411
goodness       0.0525500879149

detail ratios
1.3571, 1.2373, 1.1193, 1.0239, 1.1945, 1.2118, 1.0549, 1.3268, 1.4924, 1.4923, 1.4924, 1.4924, 1.4685, 

this 10 resistor values are distinct, and all in the ratio range 1.35 to 1.5

0.1719
0.2332
0.323
0.4788
0.6701
1
1.4923
2.2271
3.3238
4.8809


